gamma  0.09999999999998423
Distance:  0.02346788242129733
all_distances  [[1.83689714 1.79037979 1.74651948 1.70540108 1.66705471 1.63146155
  1.59856067 1.5682564  1.54042571 1.5149253  1.49159805 1.47027875
  1.45079899 1.43299117 1.41669172 1.4017435  1.3879976  1.37531445
  1.36356453 1.35262868 1.34239803 1.3327738  1.32366685 1.3149972
  1.30669344 1.29869207 1.29093696 1.28337868 1.27597394 1.26868507
  1.2614795  1.2543293  1.24721076 1.24010402 1.23299272 1.22586372
  1.21870678 1.21151433 1.20428122 1.19700457 1.18968347 1.18231889
  1.17491345 1.16747125 1.15999773 1.15249948 1.1449841  1.13746004
  1.12993645 1.122423   1.11492976 1.10746708 1.10004539 1.09267513
  1.08536658 1.0781298  1.07097449 1.06390988 1.05694472 1.05008716
  1.04334468 1.03672412 1.03023157 1.02387241 1.01765128 1.01157208
  1.00563799 0.99985151 0.99421444 0.98872797 0.98339266 0.97820855
  0.97317515 0.96829149 0.96355621 0.95896755 0.95452344 0.95022151
  0.94605915 0.94203355 0.93814173 0.93438056 0.93074683 0.92723724
  0.92384842 0.920577   0.91741959 0.9143728  0.91143327 0.90859767
  0.9058627  0.90322514 0.90068182 0.89822962 0.89586552 0.89358655
  0.89138982 0.88927253 0.88723194 0.88526542]
 [2.26251542 2.19169837 2.11731258 2.03971645 1.95928822 1.87640983
  1.79148712 1.70501256 1.61765435 1.53033055 1.44421553 1.36064528
  1.28093522 1.20617426 1.13707493 1.07392894 1.01666299 0.96495047
  0.9183285  0.87628915 0.83833615 0.80401313 0.77291357 0.74468108
  0.7190054  0.69561708 0.67428199 0.65479621 0.63698141 0.62068091
  0.60575618 0.59208396 0.5795539  0.56806658 0.55753195 0.54786807
  0.53900009 0.5308595  0.52338342 0.51651412 0.51019855 0.50438797
  0.49903766 0.49410658 0.48955711 0.48535485 0.48146834 0.47786886
  0.47453022 0.4714286  0.4685423  0.46585164 0.46333875 0.4609874
  0.45878293 0.45671204 0.45476269 0.45292402 0.45118619 0.44954031
  0.44797835 0.44649306 0.4450779  0.44372693 0.44243481 0.44119671
  0.44000827 0.43886553 0.43776493 0.43670324 0.43567753 0.43468516
  0.43372374 0.4327911  0.43188526 0.43100445 0.43014704 0.42931157
  0.42849669 0.42770121 0.426924   0.42616407 0.4254205  0.42469246
  0.42397919 0.42328    0.42259425 0.42192137 0.42126082 0.42061211
  0.41997482 0.41934851 0.41873283 0.41812742 0.41753196 0.41694617
  0.41636975 0.41580247 0.41524408 0.41469436]
 [1.63199884 1.5569668  1.49045361 1.43013325 1.37407311 1.32091838
  1.26986719 1.22055679 1.17293024 1.12711387 1.08331663 1.04175504
  1.00260406 0.96597158 0.93189186 0.90033159 0.87120288 0.84437817
  0.81970426 0.79701405 0.77613545 0.756898   0.73913729 0.72269791
  0.7074352  0.69321611 0.67991951 0.66743598 0.65566744 0.64452644
  0.63393545 0.62382607 0.6141382  0.60481925 0.59582337 0.58711075
  0.57864692 0.57040214 0.56235087 0.55447123 0.54674452 0.53915488
  0.53168885 0.52433508 0.51708401 0.50992765 0.50285932 0.49587348
  0.48896552 0.48213164 0.47536873 0.46867422 0.46204601 0.45548242
  0.44898207 0.44254387 0.43616696 0.42985071 0.42359466 0.41739852
  0.41126215 0.40518561 0.39916906 0.39321286 0.38731752 0.38148373
  0.37571233 0.37000435 0.36436102 0.35878374 0.3532741  0.34783386
  0.34246496 0.33716952 0.3319498  0.3268082  0.32174722 0.31676947
  0.31187762 0.30707435 0.30236238 0.29774438 0.29322293 0.28880056
  0.28447961 0.28026229 0.2761506  0.27214629 0.26825088 0.26446559
  0.26079135 0.25722879 0.2537782  0.25043954 0.24721246 0.24409628
  0.24109    0.2381923  0.23540162 0.23271607]
 [2.39579213 2.23125309 2.071115   1.92730546 1.80450688 1.70094328
  1.61258612 1.53589088 1.46836257 1.40826603 1.35430913 1.30546913
  1.26091298 1.21995623 1.18203528 1.14668491 1.11351972 1.08221895
  1.05251442 1.02418112 0.99702997 0.97090212 0.94566444 0.92120587
  0.89743438 0.87427435 0.85166435 0.82955514 0.80790794 0.7866929
  0.76588779 0.74547679 0.72544953 0.70580018 0.68652671 0.66763016
  0.64911411 0.63098406 0.613247   0.59591087 0.57898419 0.56247559
  0.54639348 0.5307457  0.51553919 0.50077972 0.4864717  0.472618
  0.45921978 0.4462765  0.43378579 0.42174358 0.41014407 0.39897988
  0.38824215 0.37792069 0.36800417 0.35848027 0.34933587 0.34055722
  0.33213015 0.3240402  0.3162728  0.30881341 0.30164763 0.29476134
  0.28814077 0.2817726  0.27564401 0.26974274 0.26405709 0.25857601
  0.25328904 0.24818635 0.24325874 0.23849759 0.23389488 0.22944312
  0.22513537 0.2209652  0.21692661 0.21301406 0.2092224  0.20554687
  0.20198301 0.1985267  0.19517408 0.19192155 0.18876573 0.18570345
  0.1827317  0.17984765 0.17704862 0.17433204 0.17169546 0.16913651
  0.16665295 0.16424259 0.16190331 0.15963306]
 [1.97146297 1.7698294  1.56916169 1.39606715 1.26068937 1.15309417
  1.06016263 0.97506637 0.89578172 0.82204596 0.75393047 0.69143981
  0.63444711 0.5827105  0.5359065  0.49366399 0.45559288 0.42130531
  0.39042968 0.36261867 0.33755305 0.31494259 0.29452538 0.27606617
  0.25935436 0.24420187 0.23044096 0.21792224 0.20651278 0.1960944
  0.18656206 0.17782244 0.16979264 0.16239902 0.15557617 0.14926592
  0.1434166  0.13798224 0.13292192 0.12819926 0.12378181 0.11964071
  0.1157502  0.11208732 0.1086316  0.10536476 0.10227049 0.09933419
  0.09654286 0.09388485 0.09134974 0.0889282  0.08661188 0.0843933
  0.08226572 0.08022312 0.07826005 0.07637163 0.07455343 0.07280148
  0.07111213 0.06948213 0.06790848 0.06638844 0.06491954 0.06349949
  0.06212616 0.06079763 0.05951209 0.05826786 0.05706338 0.05589719
  0.0547679  0.05367422 0.05261493 0.05158886 0.0505949  0.04963199
  0.04869912 0.04779533 0.04691967 0.04607124 0.04524918 0.04445266
  0.04368084 0.04293296 0.04220824 0.04150594 0.04082535 0.04016575
  0.03952648 0.03890686 0.03830626 0.03772404 0.0371596  0.03661234
  0.03608168 0.03556707 0.03506795 0.0345838 ]
 [2.36484305 2.17044239 1.97965299 1.80017418 1.63346842 1.47714177
  1.3288926  1.18847658 1.05731598 0.93719483 0.82931569 0.73401905
  0.65089272 0.57900766 0.51715592 0.46404057 0.41840406 0.37910097
  0.34512964 0.31563713 0.28990932 0.26735412 0.24748285 0.22989245
  0.21424983 0.2002787  0.18774877 0.17646709 0.16627118 0.15702348
  0.14860701 0.14092188 0.13388241 0.12741494 0.12145587 0.11595017
  0.11085005 0.10611395 0.1017056  0.09759325 0.09374907 0.09014857
  0.08677017 0.08359476 0.08060539 0.07778699 0.07512611 0.07261071
  0.07022999 0.06797419 0.06583454 0.06380306 0.06187251 0.0600363
  0.05828839 0.05662326 0.05503585 0.05352146 0.05207579 0.05069485
  0.04937494 0.04811261 0.04690468 0.04574815 0.04464024 0.04357836
  0.04256006 0.04158306 0.04064521 0.0397445  0.03887903 0.03804703
  0.0372468  0.03647677 0.03573545 0.03502142 0.03433335 0.03366998
  0.03303013 0.03241266 0.03181651 0.03124068 0.03068422 0.03014621
  0.0296258  0.02912218 0.02863458 0.02816228 0.02770457 0.02726082
  0.02683038 0.02641268 0.02600715 0.02561327 0.02523052 0.02485843
  0.02449654 0.02414443 0.02380167 0.02346788]]
[0.88526542 0.41469436 0.23271607 0.15963306 0.0345838  0.02346788]
[1 2 3 4 5 6]