all_distances  [[1.82244454 1.80073445 1.77979778 1.75963326 1.7402364  1.72159977
  1.70371324 1.6865643  1.67013827 1.65441866 1.63938739 1.6250251
  1.61131135 1.59822492 1.58574395 1.57384621 1.56250927 1.55171059
  1.54142777 1.53163859 1.52232113 1.5134539  1.50501588 1.4969866
  1.48934615 1.4820753  1.47515544 1.46856864 1.46229768 1.45632603
  1.45063783 1.44521795 1.44005189 1.43512586 1.4304267  1.42594186
  1.42165943 1.41756807 1.413657   1.40991599 1.40633532 1.40290574
  1.39961849 1.39646526 1.39343811 1.39052955 1.38773241 1.38503991
  1.38244557 1.37994322 1.37752698 1.37519124 1.37293062 1.37074
  1.36861445 1.36654923 1.36453981 1.3625818  1.36067098 1.35880324
  1.35697463 1.3551813  1.35341948 1.3516855  1.3499758  1.34828683
  1.34661513 1.34495728 1.34330989 1.34166962 1.3400331  1.33839701
  1.33675802 1.33511278 1.33345792 1.33179007 1.33010579 1.32840163
  1.32667408 1.32491957 1.32313447 1.32131508 1.31945762 1.31755825
  1.31561302 1.3136179  1.31156876 1.30946137 1.3072914  1.30505441
  1.30274587 1.30036114 1.29789545 1.29534397 1.29270175 1.28996375
  1.28712485 1.28417988 1.28112357 1.27795064]
 [1.70600662 1.64428898 1.58575104 1.53041104 1.47815638 1.42878037
  1.38202017 1.33759072 1.29521245 1.25463213 1.21563732 1.17806515
  1.14180608 1.10680331 1.07304814 1.04057207 1.00943639 0.97972023
  0.95150841 0.92488014 0.89989969 0.8766096  0.85502684 0.8351417
  0.81691902 0.80030116 0.7852121  0.77156195 0.7592515  0.74817642
  0.73823083 0.72931026 0.72131389 0.71414621 0.70771804 0.70194718
  0.69675864 0.69208462 0.68786427 0.68404335 0.68057372 0.67741292
  0.67452357 0.67187295 0.66943241 0.667177   0.66508494 0.66313735
  0.66131776 0.65961192 0.65800742 0.65649349 0.65506078 0.65370113
  0.65240746 0.65117357 0.64999406 0.64886419 0.64777979 0.64673719
  0.64573315 0.64476481 0.6438296  0.64292523 0.64204967 0.64120107
  0.64037777 0.63957824 0.63880113 0.63804515 0.63730917 0.63659212
  0.635893   0.63521091 0.634545   0.63389446 0.63325856 0.6326366
  0.63202792 0.6314319  0.63084796 0.63027554 0.62971412 0.6291632
  0.6286223  0.62809097 0.62756878 0.62705533 0.62655021 0.62605306
  0.62556351 0.62508122 0.62460586 0.62413711 0.62367468 0.62321826
  0.62276759 0.62232238 0.62188239 0.62144736]
 [2.09306452 2.00848954 1.92369901 1.83927719 1.7558379  1.67400021
  1.59435586 1.51743637 1.44368717 1.37345167 1.30696413 1.24434975
  1.18563147 1.13074349 1.07955002 1.03186657 0.98748032 0.94616718
  0.90770437 0.87187845 0.83848962 0.80735332 0.77830008 0.75117442
  0.72583342 0.70214523 0.67998783 0.65924794 0.63982026 0.6216069
  0.60451694 0.58846614 0.57337661 0.5591766  0.5458002  0.53318701
  0.52128186 0.51003441 0.49939878 0.48933316 0.47979946 0.47076286
  0.46219154 0.45405629 0.44633023 0.43898857 0.43200833 0.4253682
  0.41904833 0.4130302  0.40729651 0.40183106 0.39661869 0.3916452
  0.38689731 0.38236254 0.37802924 0.37388649 0.36992407 0.36613244
  0.36250263 0.35902629 0.35569556 0.35250311 0.34944205 0.34650589
  0.34368855 0.34098429 0.33838768 0.33589362 0.33349724 0.33119394
  0.32897934 0.32684927 0.32479976 0.32282702 0.32092742 0.31909749
  0.31733392 0.31563353 0.31399328 0.31241025 0.31088167 0.30940487
  0.30797728 0.30659647 0.3052601  0.30396595 0.30271188 0.30149585
  0.30031594 0.29917029 0.29805715 0.29697483 0.29592176 0.2948964
  0.29389732 0.29292316 0.29197262 0.29104446]
 [2.08238199 1.92573751 1.76895562 1.62299659 1.49565825 1.38832104
  1.29751274 1.21861375 1.14814792 1.08410817 1.02544131 0.97153961
  0.92196434 0.87634073 0.8343309  0.79563035 0.75996702 0.72709825
  0.69680592 0.66889118 0.64316984 0.61946893 0.59762444 0.57748017
  0.55888736 0.5417048  0.52579917 0.51104552 0.49732761 0.48453815
  0.47257887 0.46136043 0.45080217 0.44083171 0.43138457 0.42240357
  0.41383829 0.40564453 0.39778368 0.3902222  0.38293105 0.3758852
  0.36906318 0.3624466  0.35601981 0.34976948 0.34368437 0.33775493
  0.33197314 0.32633226 0.32082662 0.31545146 0.31020278 0.30507721
  0.3000719  0.29518444 0.29041275 0.28575503 0.28120967 0.27677524
  0.27245042 0.26823396 0.26412465 0.26012129 0.25622269 0.2524276
  0.24873475 0.24514279 0.24165029 0.23825577 0.23495763 0.23175419
  0.22864369 0.22562424 0.2226939  0.21985061 0.21709223 0.21441654
  0.21182124 0.20930397 0.20686231 0.20449378 0.20219585 0.19996597
  0.19780154 0.19569998 0.19365865 0.19167495 0.18974626 0.18786999
  0.18604356 0.18426442 0.18253007 0.18083802 0.17918584 0.17757115
  0.17599163 0.17444499 0.17292903 0.1714416 ]
 [2.07486303 1.90311235 1.73047665 1.5688079  1.42351029 1.29330832
  1.17551669 1.06852551 0.97146902 0.88371452 0.80470156 0.73389992
  0.67078331 0.61481006 0.56541545 0.52201546 0.48401852 0.45084039
  0.42191856 0.39672384 0.3747683  0.35560971 0.33885292 0.32414901
  0.31119303 0.29972064 0.28950438 0.28034975 0.27209134 0.26458916
  0.25772521 0.25140041 0.24553186 0.24005035 0.23489828 0.23002778
  0.22539917 0.22097957 0.21674181 0.21266339 0.20872576 0.20491357
  0.20121414 0.19761701 0.19411352 0.19069649 0.18735997 0.18409902
  0.18090952 0.17778804 0.17473167 0.17173798 0.16880489 0.16593061
  0.1631136  0.1603525  0.15764613 0.15499338 0.15239326 0.14984487
  0.14734731 0.14489977 0.14250143 0.14015151 0.13784922 0.13559379
  0.13338444 0.13122038 0.12910083 0.12702501 0.12499209 0.12300129
  0.12105178 0.11914274 0.11727335 0.11544278 0.1136502  0.11189477
  0.11017568 0.10849208 0.10684316 0.1052281  0.10364609 0.10209633
  0.10057804 0.09909043 0.09763273 0.0962042  0.09480409 0.09343169
  0.09208628 0.09076718 0.0894737  0.0882052  0.08696104 0.08574058
  0.08454323 0.0833684  0.08221553 0.08108405]
 [1.72376265 1.46553993 1.29989097 1.17937115 1.07623173 0.98365295
  0.89977843 0.82340159 0.75352916 0.6894049  0.6305008  0.57646667
  0.52706577 0.48211528 0.44144116 0.40484971 0.37211452 0.34297508
  0.31714321 0.29431351 0.27417501 0.25642191 0.24076246 0.22692533
  0.21466357 0.20375656 0.19401011 0.18525555 0.17734784 0.17016339
  0.16359752 0.15756208 0.15198312 0.14679872 0.14195715 0.13741515
  0.13313658 0.12909114 0.12525338 0.1216019  0.11811855 0.11478796
  0.11159697 0.10853431 0.10559023 0.10275628 0.10002505 0.09739005
  0.09484551 0.0923863  0.09000782 0.08770592 0.08547684 0.08331714
  0.08122367 0.07919353 0.07722403 0.07531267 0.07345712 0.07165519
  0.06990482 0.06820407 0.06655112 0.06494424 0.06338176 0.06186213
  0.06038385 0.0589455  0.05754571 0.0561832  0.05485672 0.05356507
  0.05230712 0.05108177 0.04988797 0.04872472 0.04759105 0.04648603
  0.04540879 0.04435845 0.04333421 0.04233527 0.04136087 0.0404103
  0.03948285 0.03857785 0.03769466 0.03683266 0.03599124 0.03516985
  0.03436793 0.03358495 0.0328204  0.03207378 0.03134464 0.03063251
  0.02993697 0.02925757 0.02859393 0.02794564]]
[1.27795064 0.62144736 0.29104446 0.1714416  0.08108405 0.02794564]
[1 2 3 4 5 6]