all_distances  [array([2.13236489, 2.10806518, 2.008367  , 1.90318256, 1.72045073,
       1.67134069, 1.45982599, 1.32903985, 1.15501289, 1.15587891]), array([2.36376909, 2.17911978, 1.67743426, 1.36537963, 1.24933876,
       1.17290512, 1.06530463, 0.93258814, 0.8610462 , 0.8258077 ,
       0.80598001, 0.78693326, 0.71919261, 0.67493824, 0.65784006,
       0.64977642, 0.64341967, 0.62689423, 0.61501069, 0.58045294,
       0.51875425, 0.49816709, 0.48668856, 0.47425819, 0.47254452,
       0.46341601, 0.45056204, 0.439697  , 0.43594343, 0.43399702,
       0.43294829, 0.43217844, 0.42662079, 0.41936015, 0.41772224,
       0.41650509, 0.4159082 , 0.41558965, 0.41535765, 0.40983058,
       0.41088111, 0.40774746, 0.40706358, 0.4068777 , 0.40646554,
       0.40610362, 0.40571378, 0.40547914, 0.40538748, 0.40530578,
       0.404967  , 0.39835706, 0.40224163, 0.40337481, 0.39735145,
       0.39708346, 0.39664919, 0.39617669, 0.39595953, 0.39583815,
       0.39578205, 0.39575695, 0.39571961, 0.3944581 , 0.39384603,
       0.39356009, 0.39357411]), array([1.75827757, 1.6718044 , 1.39390204, 1.25668697, 1.05844826,
       0.90105063, 0.78214477, 0.7197174 , 0.70063125, 0.68384383,
       0.64029029, 0.5077783 , 0.36031444, 0.35480918, 0.30989267,
       0.24141548, 0.10724355, 0.20575533, 0.09891115, 0.06669363,
       0.06419403, 0.06159781, 0.05976552, 0.05779113, 0.05562617,
       0.05510221, 0.05473102, 0.05451612, 0.05031856, 0.05044799,
       0.04982478, 0.04869809, 0.04858763, 0.04853458, 0.04832611,
       0.04811387, 0.04787513, 0.04746451, 0.04735601, 0.0472953 ,
       0.04725698, 0.04722424, 0.04691702, 0.04444651, 0.05430637,
       0.04615783, 0.04438102, 0.04419061, 0.04406502, 0.04400399,
       0.0439499 , 0.04392591, 0.04391185, 0.04390111, 0.04385601,
       0.04380669, 0.04376856, 0.04361536, 0.04359574, 0.0435863 ,
       0.04357451, 0.04356326, 0.04264848, 0.04129068, 0.0413339 ,
       0.04110091, 0.04107187, 0.04104502, 0.04104138, 0.04095155,
       0.04084526, 0.03951396, 0.03729271, 0.03613534, 0.0359291 ,
       0.03576965, 0.03571277, 0.03546319, 0.0351316 , 0.03497788,
       0.03492128, 0.03192277, 0.03166508, 0.0314867 , 0.03143044,
       0.03136834, 0.03127796, 0.03122484, 0.03073438, 0.0304681 ,
       0.02977031, 0.02912148, 0.02902189, 0.02889986, 0.02881458,
       0.02873029, 0.02864711, 0.02831975, 0.02760404, 0.02734557,
       0.0272852 , 0.02722636, 0.02703791, 0.02536377, 0.02335225,
       0.0230587 , 0.02285257, 0.02279605, 0.02273864, 0.02248679,
       0.02219789, 0.02169196, 0.01980932, 0.01967869, 0.01948344,
       0.01943399, 0.01938981, 0.01925287, 0.01909048, 0.01627628,
       0.01665801, 0.01662927, 0.01468001, 0.01447268, 0.01444427,
       0.01433163, 0.0142334 , 0.01418303, 0.01408856, 0.01378738,
       0.01375482, 0.01372431, 0.01370965, 0.01360944, 0.0114532 ,
       0.02193179, 0.01743014, 0.01196038, 0.01156349, 0.01123028,
       0.01097462, 0.01089404, 0.01085347, 0.01082911, 0.01082073,
       0.01081445, 0.01073549, 0.01066299, 0.01064996, 0.01063729,
       0.01063198, 0.0106278 , 0.01062072, 0.01023978, 0.01032993,
       0.01003422, 0.00987402, 0.00985596, 0.00979834, 0.00977673,
       0.00976326, 0.00975255, 0.00974856, 0.00974571, 0.00974288,
       0.00971719, 0.00961779, 0.00961525, 0.00960644, 0.00960425,
       0.00960241, 0.00960227, 0.00959844, 0.00959414, 0.0095162 ,
       0.00923687, 0.009508  , 0.00919817, 0.00919917]), array([2.81812636, 2.73686513, 2.45064214, 2.13107788, 1.92720617,
       1.66383496, 1.43245947, 1.31687273, 1.2101726 , 1.16322547,
       1.08344831, 1.00882818, 0.9683347 , 0.95062092, 0.88646402,
       0.69406366, 0.43565164, 0.50627164, 0.33358138, 0.32319661,
       0.31493553, 0.26099988, 0.20476679, 0.21117946, 0.18695116,
       0.1842863 , 0.17878548, 0.13804446, 0.12595352, 0.12214374,
       0.11648725, 0.11556996, 0.11052899, 0.10520702, 0.09395596,
       0.0935207 , 0.0916184 , 0.09113137, 0.08008421, 0.06551966,
       0.0647383 , 0.06575939, 0.06085845, 0.06055544, 0.06033814,
       0.05926475, 0.05816592, 0.05368432, 0.04824714, 0.04875004,
       0.04590744, 0.0457354 , 0.04562001, 0.04557192, 0.04553557,
       0.04547602, 0.04306128, 0.04265761, 0.04132693, 0.04126064,
       0.04121224, 0.04098639, 0.04077437, 0.04061895, 0.03996537,
       0.03908945, 0.03893078, 0.03888358, 0.03884079, 0.03511761,
       0.03436941, 0.03426033, 0.03410562, 0.03405097, 0.03391165,
       0.03365012, 0.03328761, 0.03122751, 0.03173843, 0.03037692,
       0.03033328, 0.03028411, 0.0299911 , 0.02961111, 0.02885119,
       0.02841035, 0.02833581, 0.02825778, 0.028224  , 0.02810957,
       0.02792662, 0.02692281, 0.02709573, 0.02564511, 0.02561127,
       0.02557631, 0.02547466, 0.0253791 , 0.02406491, 0.02548555,
       0.02338657, 0.02336631, 0.0233475 , 0.02325089, 0.0231492 ,
       0.02300251, 0.02270057, 0.02253962, 0.02251666, 0.02250089,
       0.02248488, 0.02240845, 0.02232422, 0.02163702, 0.02106524,
       0.02095383, 0.02093708, 0.02092196, 0.02083304, 0.02073837,
       0.02069494, 0.02048586, 0.02040028, 0.02039489, 0.02037893,
       0.02036245, 0.02030263, 0.01952877, 0.01937051, 0.01934469,
       0.01932982, 0.01931329, 0.01928683, 0.01918561, 0.01887628,
       0.01770374, 0.01767808, 0.01766084, 0.01764112, 0.01757587,
       0.0175102 , 0.01742704, 0.01741454, 0.01740106, 0.0173956 ,
       0.01676157, 0.01586418, 0.01572649, 0.01570868, 0.01569173,
       0.01563117, 0.01557793, 0.01526503, 0.01404463, 0.01397514,
       0.01395315, 0.01393627, 0.01392474, 0.01372139, 0.01347768,
       0.0132375 , 0.01321752, 0.01320123, 0.01318016, 0.01313783,
       0.0131119 , 0.01274428, 0.01216589, 0.01214068, 0.01212379,
       0.01210401, 0.01199969, 0.01188612, 0.01188196, 0.01165277,
       0.01125532, 0.01124373, 0.01122647, 0.01120696, 0.01108749,
       0.01080719, 0.01074037, 0.01072041, 0.01070493, 0.01068404,
       0.01001265, 0.00855203, 0.00846017, 0.00837751, 0.0083637 ,
       0.00828203, 0.00819046, 0.00798506, 0.00747387, 0.00745306,
       0.00741915, 0.0074069 , 0.00734771, 0.00726391, 0.00607069]), array([9.67229834e-01, 7.69020157e-01, 6.22366718e-01, 4.48340939e-01,
       2.60510435e-01, 2.92351525e-01, 1.97511248e-01, 1.90003926e-01,
       1.81282189e-01, 9.81810397e-02, 9.73557372e-02, 6.29072288e-02,
       5.52545702e-02, 5.41317049e-02, 4.68727303e-02, 4.12068941e-02,
       3.64246687e-02, 3.65754967e-02, 3.46000527e-02, 3.43133150e-02,
       3.38457732e-02, 2.70904257e-02, 2.17210711e-02, 2.05577178e-02,
       2.04193432e-02, 1.96789899e-02, 1.95304804e-02, 1.89655442e-02,
       1.79247598e-02, 9.51041929e-03, 5.22916402e-02, 9.40258608e-03,
       7.68507867e-03, 6.87487230e-03, 5.56839416e-03, 5.38276915e-03,
       5.23246389e-03, 5.18806468e-03, 5.15988966e-03, 5.13720219e-03,
       4.52595002e-03, 4.01417424e-03, 4.04062054e-03, 3.86315440e-03,
       3.82933085e-03, 3.81430843e-03, 3.75562450e-03, 3.69861825e-03,
       3.26029724e-03, 3.99738033e-03, 2.74357471e-03, 2.72374494e-03,
       2.71522166e-03, 2.68226889e-03, 2.65143656e-03, 2.58234633e-03,
       2.38405253e-03, 2.34725949e-03, 2.28700876e-03, 2.26939292e-03,
       2.26303782e-03, 2.24424315e-03, 2.22785074e-03, 2.14993521e-03,
       2.12655181e-03, 2.11222377e-03, 2.10862139e-03, 2.10448112e-03,
       1.24256303e-03, 8.75591812e-03, 3.71908620e-03, 1.99575139e-03,
       1.73981887e-03, 1.12237895e-03, 1.06209833e-03, 1.04300902e-03,
       1.03309016e-03, 1.02570276e-03, 1.02355215e-03, 1.02224932e-03,
       1.02119008e-03, 1.00857171e-03, 9.91990246e-04, 9.87665626e-04,
       9.83793273e-04, 9.82751910e-04, 9.81912340e-04, 9.80640136e-04,
       8.65895338e-04, 8.23512003e-04, 7.89738624e-04, 7.68427885e-04,
       7.65710868e-04, 7.59594131e-04, 7.55939447e-04, 7.50171776e-04,
       7.47927414e-04, 7.46789256e-04, 7.46198177e-04, 7.24648704e-04,
       7.01169568e-04, 6.86836531e-04, 6.86532227e-04, 6.83887684e-04,
       6.83393530e-04, 6.82737078e-04, 6.78875075e-04, 6.74742927e-04,
       6.60410156e-04, 6.55313622e-04, 6.53771205e-04, 6.53311189e-04,
       6.52834550e-04, 6.48698100e-04, 6.43072677e-04, 6.29520712e-04,
       6.27978313e-04, 6.27256153e-04, 6.26825158e-04, 6.26375630e-04,
       6.18948089e-04, 6.03379444e-04, 6.01250334e-04, 6.00495393e-04,
       6.00031420e-04, 5.99637945e-04, 5.98306558e-04, 5.94950688e-04,
       5.07864559e-04, 7.92613557e-04, 4.94022288e-04, 4.91495304e-04,
       4.87488224e-04, 4.85860417e-04, 4.84159683e-04, 4.81979360e-04,
       4.81109210e-04, 4.80768477e-04, 4.80477397e-04, 4.79839163e-04,
       4.38625855e-04, 4.51192530e-04, 4.08936983e-04, 4.04510012e-04,
       4.03626178e-04, 3.99491489e-04, 3.97129278e-04, 3.95429058e-04,
       3.94444773e-04, 3.93182719e-04, 3.92837025e-04, 3.92581452e-04,
       3.92345875e-04, 3.88890680e-04, 3.79529021e-04, 3.38163819e-04,
       3.36941572e-04, 3.34435417e-04, 3.34225749e-04, 3.33004990e-04,
       3.31661444e-04, 3.30834868e-04, 3.28743256e-04, 3.19779897e-04,
       3.15022638e-04, 3.11617423e-04, 3.11399714e-04, 3.11107953e-04,
       3.10251646e-04, 3.09330137e-04, 3.08780442e-04, 3.07067051e-04,
       3.06717589e-04, 3.06524339e-04, 3.06355765e-04, 3.05531523e-04,
       2.12289159e-04, 8.97302331e-04, 2.15442058e-04, 2.11215852e-04,
       2.08433298e-04, 2.02495434e-04, 2.01105059e-04, 2.00087621e-04,
       1.99332090e-04, 1.99010562e-04, 1.98850386e-04, 1.98740073e-04,
       1.98509528e-04, 1.96379561e-04, 1.93941206e-04, 1.93200399e-04,
       1.92987747e-04, 1.92882019e-04, 1.92664132e-04, 1.91976498e-04,
       1.90828532e-04, 1.90373340e-04, 1.90179060e-04, 1.90066937e-04]), array([1.62743784e+00, 1.52281096e+00, 1.30339488e+00, 1.03833748e+00,
       7.47460067e-01, 4.77534156e-01, 3.93900707e-01, 3.66376796e-01,
       3.45298794e-01, 3.36180818e-01, 2.62549124e-01, 1.90207804e-01,
       2.15046788e-01, 1.62446811e-01, 1.59256873e-01, 1.55999607e-01,
       1.38427316e-01, 1.17759253e-01, 1.06440247e-01, 1.02651913e-01,
       1.00495678e-01, 9.88411577e-02, 8.63011176e-02, 6.84251571e-02,
       5.75622205e-02, 5.38265310e-02, 5.18848283e-02, 5.07668243e-02,
       4.98896770e-02, 1.78185830e-02, 6.04703561e-02, 2.12915076e-02,
       1.51747577e-02, 1.38662865e-02, 1.08441051e-02, 1.00850284e-02,
       9.52046678e-03, 9.33093821e-03, 9.20680931e-03, 9.13210668e-03,
       8.87904163e-03, 7.00098008e-03, 5.16897465e-03, 6.39227971e-03,
       4.70270007e-03, 4.66210839e-03, 4.62104140e-03, 4.46779226e-03,
       4.29999332e-03, 3.34487910e-03, 2.04330106e-03, 3.21886442e-03,
       1.60144587e-03, 1.33259273e-03, 1.31065693e-03, 1.26232150e-03,
       1.23229101e-03, 1.06790695e-03, 7.43264366e-04, 8.14860499e-04,
       6.92049199e-04, 6.88002638e-04, 6.70734347e-04, 6.32239964e-04,
       5.47402058e-04, 4.78654189e-04, 4.62055136e-04, 4.43667537e-04,
       4.40508485e-04, 4.36625114e-04, 4.27447414e-04, 4.17364337e-04,
       3.67202422e-04, 3.68104651e-04, 3.48822251e-04, 3.47055389e-04,
       3.43146433e-04, 3.02855346e-04, 1.86877203e-04, 1.93105322e-04,
       1.90391239e-04, 1.59335533e-04, 1.58093304e-04, 1.56849871e-04,
       1.54291487e-04, 1.51875019e-04, 8.67200880e-05, 3.91489154e-04,
       7.76878820e-05, 7.73390613e-05, 7.70001778e-05, 7.56690912e-05,
       7.41832243e-05, 6.96386733e-05, 5.95577990e-05, 5.81195986e-05,
       5.71384332e-05, 5.67202052e-05, 5.64314865e-05, 5.62391198e-05,
       5.33734503e-05, 3.51065147e-05, 4.08737443e-05, 3.76471449e-05,
       3.28462859e-05, 3.23395934e-05, 3.22023231e-05, 3.17988067e-05,
       3.14290924e-05, 2.53431796e-05, 5.27189201e-05, 1.26958429e-05,
       1.03743935e-05, 1.01816676e-05, 9.75929192e-06, 9.59428548e-06,
       9.40970340e-06, 9.15623737e-06, 8.92360257e-06, 8.88136047e-06,
       8.85451107e-06, 8.82615219e-06, 7.91585786e-06, 6.70456854e-06,
       6.35065312e-06, 6.34639399e-06, 6.24487831e-06, 6.22625236e-06,
       6.20462068e-06, 5.77418009e-06, 5.04757669e-06, 4.92794324e-06,
       4.86303861e-06, 4.83448422e-06, 4.81504322e-06, 4.80059105e-06,
       4.42340264e-06, 2.72276895e-06, 2.91425060e-06, 2.84191195e-06,
       2.48682542e-06, 2.45537888e-06, 2.44651516e-06, 2.41464372e-06,
       2.38408406e-06, 2.13733357e-06, 8.35563650e-07, 3.27005016e-06,
       1.07323295e-06, 6.96564651e-07, 6.44845460e-07, 5.88505616e-07,
       5.82139718e-07, 5.75642083e-07, 5.73172204e-07, 5.71488915e-07,
       5.69352174e-07, 4.26683823e-07, 3.77662657e-07, 5.67606983e-07,
       2.83210872e-07, 2.78452887e-07, 2.76589906e-07, 2.65852905e-07,
       2.58815934e-07, 2.49443719e-07, 2.31024524e-07, 2.29356447e-07,
       2.28362607e-07, 2.27677492e-07, 2.13499541e-07, 1.91588971e-07,
       1.87998927e-07, 1.85848014e-07, 1.85068789e-07, 1.84521483e-07,
       1.83890410e-07, 1.51347097e-07, 1.27009349e-07, 1.23933310e-07,
       1.14514272e-07, 1.09239216e-07, 1.08768363e-07, 1.07198314e-07,
       1.05726119e-07, 1.03105471e-07, 9.75723499e-08, 9.21126613e-08,
       9.05910330e-08, 9.02885576e-08, 8.98754415e-08, 8.87147424e-08,
       8.73440547e-08, 8.29982915e-08, 8.13954857e-08, 8.07726892e-08,
       8.05327216e-08, 8.02358388e-08, 7.53356043e-08, 6.70883089e-08]), array([1.86870530e+00, 1.36378886e+00, 1.00383244e+00, 7.83580055e-01,
       3.43527384e-01, 1.99135364e-01, 2.31264809e-01, 1.47545791e-01,
       1.41542163e-01, 1.30931708e-01, 7.85877289e-02, 5.90311423e-02,
       5.12666237e-02, 4.75700917e-02, 4.64070858e-02, 2.52705206e-02,
       2.65799172e-02, 2.69639890e-02, 1.52924229e-02, 1.47783320e-02,
       1.41780893e-02, 1.31090422e-02, 1.22297325e-02, 1.06365731e-02,
       1.04225007e-02, 1.01806056e-02, 1.00706747e-02, 7.80068511e-03,
       4.39592442e-03, 9.91790522e-03, 4.60024392e-03, 3.86034365e-03,
       3.72402709e-03, 3.50062268e-03, 3.41614183e-03, 2.83888620e-03,
       2.95629858e-03, 2.70620471e-03, 2.69104608e-03, 2.66158253e-03,
       4.85215557e-04, 8.19515066e-03, 5.77176867e-03, 5.53054674e-03,
       6.84658951e-04, 5.89006910e-04, 3.63319923e-04, 2.76655251e-04,
       2.04822481e-04, 1.66700937e-04, 1.55894800e-04, 1.54146625e-04,
       1.45129084e-04, 1.43789533e-04, 1.41614225e-04, 1.33805921e-04,
       1.22601944e-04, 1.13828573e-04, 1.12617334e-04, 1.10349214e-04,
       1.09755338e-04, 1.09016113e-04, 1.04298722e-04, 9.79321739e-05,
       9.41338944e-05, 9.21409473e-05, 9.13791158e-05, 9.09262012e-05,
       9.05039721e-05, 6.83119196e-05, 6.32817971e-05, 4.62722043e-05,
       4.56871061e-05, 4.51072568e-05, 4.49076365e-05, 4.47216970e-05,
       1.64845962e-05, 5.27260852e-05, 1.05529164e-04, 1.27544133e-05,
       1.08263154e-05, 9.47221335e-06, 4.03610463e-06, 3.00433118e-06,
       2.52063507e-06, 2.53366872e-06, 2.28444181e-06, 2.25249122e-06,
       2.22092274e-06, 1.58619267e-06, 1.44867845e-06, 1.31068674e-06,
       1.33722563e-06, 1.26517025e-06, 1.25934071e-06, 1.25388926e-06,
       1.18430056e-06, 1.10068210e-06, 1.07202205e-06, 1.05124737e-06,
       1.03155333e-06, 1.02323629e-06, 1.01813115e-06, 1.01384952e-06,
       9.94381362e-07, 9.79827038e-09, 4.02510569e-05, 1.70491500e-07,
       1.48598072e-07, 1.26932137e-07, 9.10581716e-08, 6.85216089e-08,
       3.55046961e-08, 1.62673277e-08, 3.54804606e-08, 9.46514108e-09,
       8.54253409e-09, 8.23252551e-09, 6.81858768e-09, 5.50148767e-09,
       3.55858479e-09, 2.63252842e-09, 2.55698879e-09, 2.03746929e-09,
       1.91039549e-09, 1.87118173e-09, 1.49838063e-09, 1.10901508e-09,
       9.66693195e-10, 8.83793015e-10, 8.54006398e-10, 8.30217139e-10,
       8.16911352e-10, 7.60466981e-10, 1.74291777e-10, 2.59932287e-09,
       8.93992378e-11, 8.36345986e-11, 8.26110297e-11, 7.94735971e-11,
       7.68949948e-11, 5.93320873e-11, 4.71027793e-11, 5.43187120e-11,
       4.48737858e-11, 4.42227327e-11, 4.38743169e-11, 4.29887761e-11,
       4.22676939e-11, 3.63696915e-11, 3.71484188e-11, 3.49605065e-11,
       3.48242242e-11, 3.46386075e-11, 1.06414364e-11, 1.40655087e-10,
       9.72581536e-12, 3.83092494e-11, 2.17426995e-12, 2.15284792e-12,
       2.07007036e-12, 1.97720255e-12, 1.83793224e-12, 1.42732725e-12,
       1.44474419e-12, 1.41931079e-12, 1.30469543e-12, 1.29505222e-12,
       1.28750299e-12, 1.26280224e-12, 1.23914515e-12, 6.54600093e-13,
       8.80153312e-12, 4.65414487e-13, 4.60671294e-13, 4.54953623e-13,
       4.40462442e-13, 4.29296714e-13, 4.15098518e-13, 3.95708490e-13,
       3.79367153e-13, 3.76412798e-13, 3.74588900e-13, 3.73128374e-13,
       3.66844591e-13, 3.52652986e-13, 1.11642593e-13, 1.90204455e-12,
       1.17933613e-13, 1.07910875e-13, 9.88058833e-14, 9.42482153e-14,
       9.27836515e-14, 6.76915960e-14, 1.19941981e-13, 6.05502409e-14,
       6.03150398e-14, 5.96647937e-14, 5.66483168e-14, 5.04871444e-14]), array([1.75571614e+00, 1.51498916e+00, 1.47035876e+00, 1.37831714e+00,
       1.29123823e+00, 1.04156129e+00, 6.47792766e-01, 3.38275439e-01,
       3.72432415e-01, 2.19015731e-01, 2.03690334e-01, 1.81027950e-01,
       6.80675979e-02, 6.99923530e-02, 4.02821015e-02, 3.15638705e-02,
       3.02862667e-02, 2.17392440e-02, 1.57413542e-02, 1.05713086e-02,
       8.66395133e-03, 8.16395931e-03, 7.26662653e-03, 7.06843156e-03,
       5.98614963e-03, 4.72160545e-03, 2.37134852e-03, 6.72976693e-03,
       1.89266148e-03, 1.78031978e-03, 1.71609901e-03, 1.53987207e-03,
       1.42219090e-03, 6.00222643e-04, 5.66134574e-03, 3.64932085e-04,
       3.60339553e-04, 3.56996792e-04, 3.37830302e-04, 3.20091306e-04,
       2.92224131e-04, 2.38627855e-04, 2.40633466e-04, 2.27538162e-04,
       2.25971074e-04, 2.24310028e-04, 2.93673790e-05, 4.85142649e-04,
       6.39690245e-04, 5.28664478e-05, 2.53962175e-05, 1.95879890e-05,
       5.70804018e-06, 4.34203727e-06, 3.02956381e-06, 3.86514823e-06,
       2.39909019e-06, 2.35416176e-06, 2.32328534e-06, 1.96938709e-06,
       1.63574938e-06, 1.49550819e-06, 1.41312341e-06, 1.37296863e-06,
       1.35221743e-06, 1.33893622e-06, 1.15443072e-06, 3.95244315e-07,
       9.43666292e-06, 6.03256491e-07, 4.36891320e-07, 3.28857999e-07,
       2.07884238e-07, 2.00989096e-07, 1.92434658e-07, 1.90397742e-07,
       1.89052137e-07, 1.87667070e-07, 5.20589218e-08, 6.22267947e-08,
       5.91699354e-07, 2.79216593e-08, 2.63904532e-08, 2.50354254e-08,
       9.58061799e-09, 9.21789538e-09, 6.08990169e-09, 6.38343731e-09,
       5.64594599e-09, 5.59475891e-09, 5.55074241e-09, 3.78747442e-09,
       2.77363246e-09, 2.47329312e-09, 2.35207012e-09, 2.31613565e-09,
       2.26615812e-09, 2.25072978e-09, 1.99010462e-09, 1.67276073e-09,
       1.57975550e-09, 1.52198324e-09, 1.47091376e-09, 1.44488359e-09,
       1.43355878e-09, 1.42366273e-09, 1.38760424e-09, 1.15987619e-11,
       9.41120103e-08, 1.70171642e-11, 1.46698795e-11, 3.39810095e-12,
       1.98478303e-12, 1.51225583e-12, 1.30843782e-12, 1.17316734e-12,
       8.87456855e-13, 1.20123746e-12, 8.20473513e-13, 8.13759047e-13,
       7.94593516e-13, 5.59732819e-13, 3.91958851e-13, 3.74760278e-13,
       3.66219625e-13, 3.39836048e-13, 3.34526834e-13, 3.32240018e-13,
       3.10394808e-13, 2.83895361e-13, 2.59604225e-13, 2.47478218e-13,
       2.37810135e-13, 2.28366827e-13, 2.25985448e-13, 2.24411205e-13,
       2.22777051e-13, 2.19093469e-14, 3.14424315e-13, 2.99515476e-13,
       3.00740423e-14, 1.80118800e-14, 9.97520621e-15, 1.34844580e-15,
       1.04824986e-15, 8.75762284e-16, 7.74410617e-16, 7.36608241e-16,
       6.94250142e-16, 1.05036978e-16, 1.06081688e-16, 5.23790744e-17,
       4.90078219e-17, 4.83032889e-17, 1.35243907e-17, 7.59744352e-18,
       6.62445024e-18, 1.53493071e-17, 5.40326575e-18, 5.34012091e-18,
       5.09077720e-18, 4.44966866e-18, 3.93740944e-18, 2.23649558e-18,
       6.82202587e-18, 1.98952012e-18, 1.81597963e-18, 1.74027914e-18,
       1.49739590e-18, 1.42398432e-18, 1.30261708e-18, 1.20007144e-18,
       1.15802600e-18, 1.14964609e-18, 1.14164914e-18, 7.13272135e-19,
       7.44096953e-19, 3.63417420e-19, 3.66668968e-19, 3.40686519e-19,
       3.37590487e-19, 3.35295668e-19, 2.92375950e-19, 2.45393615e-19,
       2.31597537e-19, 2.23295468e-19, 2.16970266e-19, 2.15049925e-19,
       2.13587840e-19, 2.11470358e-19, 1.17508572e-21, 6.28109116e-19,
       1.43326347e-19, 7.69423644e-20, 6.00141479e-20, 3.40316100e-21,
       5.74796124e-22, 8.62583824e-23, 3.88991836e-22, 6.90906581e-24]), array([2.01333001e+00, 1.52307782e+00, 1.24745085e+00, 1.02674578e+00,
       4.56863250e-01, 5.69014449e-01, 2.99514105e-01, 2.85814582e-01,
       2.77296045e-01, 2.23051308e-01, 1.26056613e-01, 2.45997526e-01,
       8.00567603e-02, 7.81508413e-02, 7.68621308e-02, 6.43352066e-02,
       4.15324866e-02, 7.17583542e-02, 2.87333032e-02, 2.82114950e-02,
       2.77530938e-02, 2.36539237e-02, 1.96816916e-02, 1.49555833e-02,
       1.51377394e-02, 1.37703500e-02, 1.35676696e-02, 1.16697903e-02,
       6.89925142e-03, 4.09926171e-03, 3.32421872e-03, 6.69393830e-03,
       1.91893345e-03, 1.86974276e-03, 1.78407173e-03, 1.61283455e-03,
       1.47259179e-03, 3.03043162e-04, 1.64643400e-02, 2.06118011e-04,
       2.03750809e-04, 1.87135605e-04, 1.71236563e-04, 1.21332400e-04,
       6.83725480e-05, 1.51899990e-04, 3.37210211e-05, 3.26097028e-05,
       3.12792107e-05, 2.84476303e-05, 2.67402279e-05, 1.38058098e-05,
       4.41964588e-05, 7.60905304e-06, 5.53019908e-06, 5.22451201e-06,
       3.20870242e-06, 2.81640534e-06, 2.52395058e-06, 2.37746555e-06,
       2.30580743e-06, 2.28544671e-06, 2.26504129e-06, 1.16436937e-06,
       1.71376600e-06, 4.94368531e-07, 1.05270745e-06, 4.27261771e-07,
       4.23553021e-07, 4.19648892e-07, 3.30296914e-07, 2.54043487e-07,
       2.28058336e-07, 2.15327808e-07, 2.11975551e-07, 2.08761148e-07,
       2.07053957e-07, 7.71680289e-08, 2.73894617e-08, 6.25184773e-07,
       1.16529120e-07, 4.39937484e-08, 3.18696504e-08, 1.42340021e-09,
       8.46365938e-10, 5.91299272e-10, 9.30707458e-10, 4.65896870e-10,
       4.61435685e-10, 3.92081520e-10, 3.27621981e-10, 2.32947714e-10,
       1.81534071e-10, 1.90168827e-10, 1.59589135e-10, 1.55852644e-10,
       1.54551673e-10, 1.04363697e-10, 7.51208257e-11, 5.93809714e-11,
       5.82019566e-11, 5.40347778e-11, 5.28224543e-11, 5.23832101e-11,
       4.48175675e-11, 3.68653830e-11, 3.34195105e-11, 3.15525116e-11,
       3.10435468e-11, 3.06527460e-11, 3.04004530e-11, 1.40624353e-11,
       1.46139470e-11, 2.09609045e-11, 2.75535309e-11, 1.72269266e-12,
       1.37420460e-12, 4.89073778e-13, 4.59676196e-13, 4.33618355e-13,
       4.15976219e-13, 4.10684298e-13, 4.07360858e-13, 4.03222193e-13,
       1.06247518e-15, 1.79440496e-13, 2.00757581e-14, 1.24541912e-14,
       9.66974654e-15, 9.13427155e-17, 7.91218039e-17, 7.79396701e-17,
       7.10603630e-17, 7.02035089e-17, 6.88905339e-17, 3.85385496e-17,
       2.20671899e-17, 4.03433860e-17, 1.61275367e-17, 1.51272803e-17,
       1.49002796e-17, 1.33746419e-17, 1.20546522e-17, 9.17020136e-18,
       3.63905410e-18, 1.70639377e-17, 2.97761448e-18, 2.79928100e-18,
       2.72010071e-18, 2.41473320e-18, 2.23142887e-18, 2.71033270e-19,
       5.56653005e-18, 1.56252970e-19, 8.74954698e-20, 7.57468166e-20,
       9.00839078e-21, 2.57573540e-21, 8.87187682e-22, 7.05559247e-22,
       7.68293418e-22, 6.37539293e-22, 6.28512468e-22, 5.14145160e-22,
       4.16165592e-22, 4.22952665e-22, 3.52397141e-22, 3.48575317e-22,
       3.44646461e-22, 2.20654476e-22, 1.73561965e-22, 1.23758725e-22,
       1.83863019e-22, 1.08651439e-22, 1.07509999e-22, 1.05287359e-22,
       9.32637350e-23, 7.83661636e-23, 6.73809779e-23, 6.52584293e-23,
       6.36496506e-23, 6.29868596e-23, 5.74264211e-23, 5.15303294e-23,
       3.79825887e-23, 4.03399186e-23, 2.80900003e-23, 2.65517311e-23,
       2.61034067e-23, 2.40244115e-23, 2.25000063e-23, 6.05694607e-24,
       8.54083652e-23, 4.82892682e-24, 4.78576503e-24, 4.71678782e-24,
       2.49547087e-24, 1.75556408e-23, 1.57583466e-24, 1.51393495e-24])]
[1.1550128925161678, 0.3935600944053147, 0.009198168865939816, 0.006070694376066311, 0.00019006693717379527, 6.708830887247208e-08, 5.0487144436513384e-14, 6.909065813397593e-24, 1.513934950944402e-24]
[1 2 3 4 5 6 7 8 9]